0 1923.7 1877.8 63.1 86.6
0 3069.1 1245.3 86.9 39.6
0 2941.3 1292.6 100.7 46.9
0 1975.4 929.1 83.7 83.6
0 1865.0 1856.9 71.3 101.4
0 3749.8 1499.6 105.1 45.5
0 1909.0 134.2 62.5 86.3
0 3541.0 1346.1 105.4 43.4
0 2945.6 1425.0 97.3 43.8
0 1804.5 643.3 51.0 95.1
0 3370.5 1458.0 87.1 39.2
0 1632.5 989.1 84.6 86.0
0 3131.8 1620.2 105.6 50.3
0 1783.6 1892.1 63.0 86.2
0 3113.9 1309.8 103.6 48.7
0 269.5 400.5 91.8 83.5
0 3796.1 1220.2 85.9 50.3
0 3499.6 1590.3 101.4 45.9
0 2680.1 535.2 66.4 100.0
0 1707.7 676.9 51.7 93.7
0 2659.0 829.4 42.5 82.7
0 2746.8 1585.9 95.6 42.2
0 1906.0 41.0 58.0 72.1
0 641.9 381.9 87.6 77.2
0 506.6 592.8 89.7 78.4
0 3814.3 1561.1 51.4 38.6
0 2331.5 1359.3 92.2 67.3
0 3741.0 1363.0 118.0 45.5
0 3334.1 1325.4 91.6 42.2
0 49.9 219.3 99.9 89.2
0 2899.3 1344.6 84.0 44.9
0 1397.8 777.2 85.5 76.3
0 1841.7 913.5 82.1 92.8
0 1785.0 423.7 53.8 99.3
0 2500.7 1332.2 85.3 61.4
0 916.8 599.7 91.9 81.1
0 642.7 773.8 97.9 83.4
0 785.2 382.2 90.1 75.8
0 2166.4 1128.6 88.8 79.0
0 362.6 486.8 102.7 85.0
0 2173.0 1243.3 86.2 72.6
2 3344.3 1521.3 105.4 44.1
0 2834.8 1086.9 94.0 61.1
2 3248.5 1260.9 122.6 48.7
2 437.5 711.9 116.5 89.7
0 165.9 316.0 88.7 77.3
2 2618.5 1436.3 102.9 55.9
0 110.2 361.9 92.8 76.3
0 614.7 672.7 87.4 67.0
2 2221.3 1566.8 95.7 80.6
0 726.5 766.5 75.8 64.9
0 3208.0 1377.6 102.8 49.0
1 1802.2 2103.0 102.4 113.9
0 22.1 287.1 44.2 54.6
3 379.5 783.9 45.1 41.9
0 3689.5 1684.0 102.1 47.2
