0 2156.5 293.4 67.5 100.7
0 736.8 1339.8 91.5 40.8
0 2031.3 277.8 62.3 94.2
0 2286.8 459.1 58.3 90.7
0 837.0 1483.2 85.5 41.2
0 690.5 1280.0 90.8 40.6
0 830.7 1276.7 90.1 39.2
0 794.5 1218.5 87.1 39.2
0 1865.8 797.9 60.1 95.3
0 1102.0 1344.3 94.8 40.7
0 2853.8 1245.5 99.2 44.8
0 2721.8 1490.5 93.2 42.0
0 2179.5 2002.2 61.2 88.8
1 1632.9 1118.0 125.2 186.4
0 1105.1 1281.7 94.4 41.7
0 880.0 1158.5 90.5 39.2
0 2286.9 144.8 69.3 105.7
0 1138.5 1228.2 98.0 38.9
0 2201.8 344.4 62.4 101.8
0 880.1 1412.1 93.6 41.6
0 2101.4 1885.3 52.0 91.4
0 882.7 1338.3 99.6 43.6
0 3238.1 1408.4 94.3 46.6
0 537.2 1215.8 93.1 38.7
0 2274.4 1023.8 64.8 88.6
0 2599.7 1445.8 97.2 41.9
0 288.6 1328.7 98.3 43.1
0 1945.0 2101.8 58.2 93.7
0 1734.7 1075.5 67.0 94.3
0 448.4 1332.9 107.8 43.0
0 953.7 1222.3 102.9 42.5
0 1028.8 1410.8 91.9 39.9
0 1065.3 1164.5 96.3 40.9
0 2921.0 869.8 98.9 42.0
0 967.1 1281.1 77.4 32.8
0 2376.5 1604.7 73.4 84.7
0 2883.6 1040.8 103.6 41.0
0 1189.2 1168.9 78.4 38.1
0 589.7 1337.7 99.4 42.6
0 1986.5 688.5 54.8 81.7
0 2175.7 638.6 55.5 106.7
0 2371.0 90.8 67.0 102.3
0 2373.8 1152.2 90.7 84.2
0 2076.7 936.2 44.3 88.6
0 2194.2 1057.5 63.4 87.9
0 2260.1 1803.8 63.4 91.9
0 2378.1 1266.3 90.3 61.0
0 2478.8 1354.4 81.3 38.4
0 2008.8 1927.2 57.4 95.4
0 1860.3 972.5 63.6 88.9
0 2230.8 752.3 41.0 83.8
0 2006.2 493.6 64.8 101.1
0 35.6 1327.5 71.3 41.9
0 680.5 1218.9 97.2 40.4
0 2035.3 2038.6 59.1 95.6
0 2268.8 343.7 57.8 94.2
0 2216.5 1219.2 83.0 88.6
0 2726.1 1314.7 100.0 40.9
0 1807.9 765.5 56.2 78.4
0 2162.4 1884.5 57.0 94.4
0 745.3 1402.4 100.4 43.2
0 2111.9 598.8 58.0 102.3
1 1539.3 1643.8 89.9 138.3
2 2094.0 2067.7 67.6 122.8
0 1920.1 515.7 49.2 73.1
3 1985.9 1840.4 26.4 46.9
