0 1923.2 143.8 43.2 92.6
0 1152.8 1488.2 84.5 37.5
0 1102.8 1319.3 76.5 36.5
0 964.5 1254.5 96.8 41.9
0 1898.8 1683.5 47.5 92.7
0 1770.8 1112.6 78.5 81.7
0 3390.2 1206.5 88.3 38.8
0 1031.7 1423.0 88.8 38.6
0 1752.1 291.4 46.1 93.4
0 3016.4 1542.8 96.9 52.6
0 2179.6 1922.6 42.6 93.0
0 2902.5 1207.2 93.0 41.4
0 1604.8 113.5 45.8 92.5
0 1232.2 1425.8 93.3 40.9
0 2198.0 2059.4 41.8 94.4
0 1563.9 1250.0 97.0 47.5
0 3060.6 1148.1 93.0 39.6
0 1867.8 1444.3 66.4 85.8
0 1555.0 129.7 48.5 97.3
0 3705.2 1267.7 92.5 39.6
0 474.1 1370.2 95.0 39.7
0 2136.8 2021.5 39.6 90.9
0 2004.1 536.9 51.4 82.9
1 962.1 1494.1 213.7 59.3
0 3520.9 1207.0 96.1 39.6
0 3352.8 1151.5 86.5 36.9
0 1684.1 269.1 46.1 92.8
0 2746.4 984.5 88.1 38.1
0 2740.1 1094.5 101.0 44.0
0 3641.2 987.4 92.3 39.7
0 202.1 1254.3 101.1 43.6
0 3805.1 1151.6 69.8 38.2
0 2234.1 1857.5 42.8 96.6
0 2563.6 1031.2 92.3 37.6
0 3070.8 1098.6 95.3 39.9
1 3132.9 1206.7 187.6 54.6
0 669.2 1257.8 99.3 40.3
0 871.1 1425.8 96.5 43.8
0 2175.8 1172.6 89.4 50.7
0 3672.2 1154.0 94.7 40.5
0 2262.7 2128.3 39.5 63.4
0 2250.2 2007.9 41.3 95.9
0 3539.9 1152.8 94.2 40.4
0 1576.0 321.1 47.7 100.0
0 1593.5 454.0 49.9 100.3
0 3655.1 1076.8 110.3 52.6
0 2073.8 1300.4 83.2 71.4
0 1631.0 297.2 36.8 78.1
0 1702.1 420.4 45.0 95.3
0 1846.2 925.8 54.4 92.9
0 1266.2 1320.4 92.1 39.4
0 3735.8 1214.0 97.5 40.5
0 2909.8 1089.7 101.8 37.0
0 2588.0 1091.1 89.6 37.8
0 1648.2 439.8 38.8 73.5
0 2588.2 1140.8 98.2 44.4
0 3375.5 1097.2 108.5 40.7
0 2147.7 2132.1 44.7 53.8
0 2596.2 977.1 83.4 37.0
0 1188.6 1260.2 96.6 39.3
0 2877.1 1036.1 85.9 38.2
0 1671.9 133.5 45.6 102.0
0 1311.6 1494.3 98.6 38.6
0 1736.1 142.4 47.2 92.6
0 1541.1 25.4 40.0 50.8
0 2059.4 1908.7 37.9 78.3
0 1767.4 419.7 38.1 76.0
0 2683.3 850.8 93.3 38.6
0 2122.1 1880.9 46.4 102.1
0 1721.8 29.5 38.5 56.0
2 2644.0 914.6 183.9 55.3
2 1288.2 1372.3 102.0 39.2
1 2468.5 1199.5 221.6 62.9
0 2059.7 685.6 63.9 80.4
0 1662.0 20.5 36.1 41.0
0 446.2 1252.6 99.0 40.7
0 3561.0 923.7 101.8 43.0
0 1358.6 1425.0 68.4 34.2
0 3181.7 1153.4 87.4 39.3
