0 1888 1910 1925 1829 1965 1848 1925 1927
0 3025 1220 3115 1230 3110 1271 3019 1262
0 2887 1308 2893 1267 2995 1280 2990 1321
0 1929 907 1959 880 2019 951 1987 979
0 1823 1895 1868 1799 1908 1819 1867 1914
0 3698 1519 3702 1475 3804 1483 3801 1527
0 1871 161 1911 87 1948 107 1908 184
0 3489 1318 3598 1333 3591 1376 3483 1361
0 2893 1441 2898 1399 2995 1412 2990 1453
0 1775 603 1814 595 1834 688 1793 694
0 3327 1475 3331 1438 3430 1447 3427 1484
0 1585 970 1616 939 1680 1007 1647 1037
0 3077 1641 3081 1594 3186 1604 3182 1651
0 1747 1923 1789 1842 1825 1860 1782 1942
0 3064 1279 3169 1293 3162 1339 3057 1326
0 216 384 240 352 325 415 301 447
0 3753 1235 3757 1192 3842 1200 3839 1244
0 3451 1562 3555 1575 3550 1616 3446 1603
0 2642 575 2681 480 2722 498 2681 592
0 1680 634 1719 627 1739 721 1697 728
0 2637 789 2677 786 2684 868 2644 872
0 2691 1603 2696 1560 2799 1570 2795 1613
0 1869 64 1908 -11 1941 6 1902 81
0 594 373 617 339 692 391 668 426
0 455 580 481 545 561 605 535 640
0 3790 1540 3839 1544 3839 1586 3787 1579
0 2279 1357 2296 1320 2382 1361 2365 1398
0 3683 1377 3687 1338 3801 1351 3797 1390
0 3287 1342 3290 1302 3382 1309 3379 1349
0 -5 205 19 173 103 238 79 270
0 2860 1320 2946 1332 2939 1367 2854 1358
0 1349 765 1371 733 1448 788 1424 820
0 1796 883 1830 862 1886 943 1848 967
0 1751 467 1777 371 1818 382 1793 477
0 2451 1331 2468 1294 2550 1333 2532 1370
0 863 582 887 550 967 616 945 645
0 591 757 617 722 702 786 676 821
0 733 371 753 340 838 398 817 429
0 2120 1115 2142 1084 2216 1145 2194 1175
0 310 468 335 436 421 502 393 536
0 2125 1229 2145 1201 2222 1255 2203 1283
2 3295 1542 3298 1498 3400 1505 3398 1548
0 2781 1091 2797 1051 2888 1086 2874 1124
2 3185 1276 3190 1234 3312 1246 3307 1285
2 376 692 403 658 501 732 474 766
0 114 299 138 268 217 329 193 361
2 2565 1449 2573 1404 2674 1426 2667 1470
0 62 350 85 318 164 375 140 408
0 564 661 587 628 661 683 638 715
2 2168 1577 2252 1520 2277 1557 2194 1614
0 684 759 702 731 768 775 750 803
0 3159 1352 3262 1362 3257 1403 3154 1392
1 1747 2159 1809 2039 1858 2065 1795 2183
0 1 256 44 289 21 319 -0 303
3 351 773 364 759 404 796 392 811
0 3638 1695 3643 1658 3747 1670 3743 1708
