0 2119 333 2156 237 2197 253 2160 349
0 690 1319 782 1319 782 1358 690 1358
0 1990 316 2027 224 2068 240 2030 332
0 2251 498 2283 405 2323 418 2291 510
0 792 1494 799 1455 886 1468 878 1508
0 641 1260 736 1260 736 1299 641 1299
0 782 1259 876 1259 876 1296 782 1296
0 751 1198 837 1198 837 1236 751 1236
0 1826 836 1870 745 1904 763 1864 853
0 1053 1323 1152 1321 1153 1361 1054 1363
0 2804 1225 2902 1225 2902 1266 2804 1266
0 2679 1468 2765 1468 2765 1511 2679 1511
0 2144 2036 2179 1952 2218 1969 2183 2053
1 1571 1187 1644 1023 1694 1045 1621 1209
0 1056 1261 1156 1261 1156 1302 1056 1302
0 834 1140 925 1140 925 1177 834 1177
0 2246 184 2288 85 2332 104 2292 204
0 1088 1209 1189 1209 1189 1248 1088 1248
0 2161 382 2198 291 2241 308 2204 400
0 830 1393 925 1389 926 1430 832 1434
0 2064 1922 2097 1832 2135 1848 2102 1936
0 831 1318 934 1313 936 1356 833 1360
0 3192 1389 3282 1381 3285 1424 3195 1433
0 490 1195 587 1195 587 1233 490 1233
0 2240 988 2276 974 2310 1061 2273 1074
0 2550 1463 2555 1421 2650 1428 2646 1469
0 238 1306 338 1306 338 1349 238 1349
0 1909 2137 1940 2053 1980 2067 1949 2151
0 1694 1113 1735 1027 1772 1043 1734 1129
0 396 1311 503 1310 501 1353 396 1354
0 900 1201 1006 1201 1008 1243 900 1244
0 983 1393 1076 1393 1076 1429 983 1429
0 1014 1183 1014 1143 1114 1143 1114 1183
0 2869 849 2970 850 2968 890 2867 891
0 930 1265 1005 1265 1005 1296 930 1296
0 2335 1628 2386 1559 2419 1585 2369 1652
0 2830 1020 2932 1015 2934 1059 2832 1063
0 1152 1186 1154 1150 1230 1152 1229 1188
0 537 1315 643 1315 643 1355 537 1355
0 1953 719 1988 644 2021 658 1987 736
0 2140 681 2168 584 2212 597 2184 694
0 2330 131 2368 32 2414 50 2376 149
0 2321 1134 2348 1105 2420 1170 2394 1201
0 2055 892 2093 890 2099 982 2059 986
0 2161 1023 2197 1009 2230 1089 2192 1105
0 2220 1842 2259 1754 2301 1772 2263 1860
0 2327 1261 2347 1227 2433 1272 2411 1308
0 2438 1368 2443 1331 2518 1341 2514 1378
0 1972 1965 2007 1875 2047 1893 2013 1980
0 1822 1007 1861 925 1895 943 1856 1024
0 2218 705 2257 710 2247 797 2206 792
0 1 1307 67 1307 67 1348 1 1348
0 630 1202 732 1202 732 1238 630 1238
0 1992 2079 2025 1988 2067 2002 2032 2096
0 2234 380 2267 291 2303 306 2271 393
0 2171 1193 2205 1169 2262 1247 2231 1272
0 2677 1299 2777 1296 2778 1332 2678 1335
0 1774 792 1803 725 1835 738 1808 806
0 2123 1920 2159 1830 2199 1847 2161 1937
0 694 1381 794 1381 795 1423 694 1423
0 2077 640 2103 544 2149 556 2123 653
1 1487 1701 1545 1570 1585 1589 1528 1718
2 2053 2112 2095 2004 2140 2021 2098 2130
0 1890 543 1917 478 1947 491 1921 556
3 1970 1857 1985 1819 2000 1824 1985 1862
0 1965 536 2008 436 2047 454 2005 552
