0 1900 100 1937 96 1948 187 1910 191
0 1111 1469 1196 1467 1197 1504 1112 1505
0 1069 1301 1141 1301 1141 1338 1069 1338
0 917 1234 1013 1234 1013 1271 917 1271
0 1868 1724 1891 1633 1929 1644 1907 1734
0 1729 1140 1784 1068 1815 1090 1759 1162
0 3346 1186 3431 1186 3431 1226 3346 1226
0 989 1403 1078 1403 1074 1444 985 1442
0 1723 246 1762 241 1777 335 1737 339
0 2964 1550 2973 1511 3068 1532 3060 1571
0 2155 1880 2193 1876 2202 1963 2164 1967
0 2857 1188 2950 1188 2950 1226 2857 1226
0 1184 1406 1276 1406 1276 1443 1184 1443
0 2174 2017 2214 2013 2221 2105 2183 2108
0 1512 1243 1606 1225 1613 1265 1519 1282
0 3010 1130 3109 1130 3109 1168 3010 1168
0 1827 1472 1871 1395 1906 1414 1864 1491
0 1529 88 1568 83 1578 172 1538 176
0 3659 1250 3751 1250 3751 1287 3659 1287
0 424 1348 522 1348 522 1388 424 1388
0 2113 1977 2150 1974 2158 2067 2121 2070
0 1973 505 2009 493 2031 571 1994 582
1 855 1468 1068 1463 1070 1520 856 1526
0 3473 1187 3568 1187 3568 1227 3473 1227
0 3310 1169 3310 1132 3395 1132 3395 1169
0 1655 225 1694 219 1708 309 1669 315
0 2698 966 2792 963 2793 1000 2699 1003
0 2690 1110 2691 1071 2790 1073 2789 1112
0 3590 1005 3591 967 3690 970 3689 1007
0 149 1235 252 1235 251 1273 148 1274
0 3771 1132 3840 1132 3840 1172 3771 1172
0 2211 1813 2251 1809 2259 1903 2219 1906
0 2522 1049 2523 1010 2612 1013 2610 1051
0 3022 1078 3120 1077 3121 1114 3023 1117
1 3041 1178 3226 1183 3226 1234 3040 1230
0 619 1275 619 1236 721 1236 721 1275
0 824 1403 920 1403 920 1448 824 1448
0 2125 1164 2215 1140 2226 1181 2135 1205
0 3623 1132 3720 1132 3720 1173 3623 1173
0 2239 2098 2279 2094 2286 2159 2245 2159
0 2225 1966 2264 1961 2276 2054 2237 2059
0 3494 1131 3588 1131 3588 1173 3494 1173
0 1548 278 1590 273 1601 368 1558 373
0 1566 405 1610 401 1620 499 1577 504
0 3598 1068 3704 1041 3717 1083 3609 1110
0 2024 1311 2095 1259 2118 1289 2047 1343
0 1608 266 1643 262 1650 334 1616 338
0 1675 379 1716 374 1728 464 1687 471
0 1811 960 1834 875 1871 883 1848 971
0 1218 1342 1216 1303 1308 1300 1310 1338
0 3685 1194 3787 1194 3788 1233 3684 1233
0 2861 1070 2960 1070 2960 1108 2861 1108
0 2544 1071 2638 1074 2635 1112 2543 1112
0 1625 409 1660 406 1668 475 1632 479
0 2543 1120 2639 1125 2637 1165 2539 1161
0 3323 1075 3429 1075 3429 1116 3323 1116
0 2124 2112 2160 2103 2171 2159 2129 2159
0 2553 959 2639 959 2638 998 2552 998
0 1139 1274 1140 1237 1235 1240 1234 1277
0 2834 1016 2922 1017 2921 1055 2834 1054
0 1649 91 1688 88 1696 183 1657 187
0 1266 1476 1358 1475 1358 1512 1266 1512
0 1708 95 1745 90 1758 183 1720 189
0 1519 0 1558 0 1565 48 1525 54
0 2042 1875 2074 1872 2080 1942 2047 1945
0 1747 386 1781 383 1787 451 1755 454
0 2634 830 2731 830 2731 871 2634 871
0 2095 1833 2136 1828 2147 1930 2106 1935
0 1700 0 1738 0 1744 55 1706 58
2 2552 938 2552 886 2736 886 2736 938
2 1243 1354 1342 1354 1342 1392 1243 1392
1 2364 1221 2365 1172 2580 1176 2579 1225
0 2022 663 2052 640 2096 711 2066 732
0 1640 0 1674 0 1682 35 1645 41
0 397 1267 398 1230 498 1234 497 1271
0 3509 900 3615 901 3615 945 3508 944
0 1322 1408 1389 1408 1389 1442 1322 1442
0 3134 1135 3226 1135 3226 1174 3134 1174
0 1580 66 1620 62 1632 157 1591 163
