0 1887 1906 1924 1831 1965 1851 1929 1927
0 3022 1258 3026 1222 3114 1232 3110 1269
0 2887 1308 2893 1267 2996 1280 2990 1321
0 1923 915 1959 878 2022 941 1986 978
0 1819 1891 1862 1799 1911 1823 1868 1914
0 3698 1519 3701 1476 3803 1482 3800 1526
0 1867 162 1909 85 1949 107 1907 184
0 3483 1360 3489 1317 3596 1333 3589 1376
0 2892 1440 2898 1399 2996 1413 2989 1454
0 1776 601 1819 594 1834 687 1792 694
0 3331 1440 3417 1440 3417 1478 3331 1478
0 1582 965 1615 932 1685 1004 1652 1036
0 3077 1640 3081 1595 3186 1603 3182 1649
0 1750 1921 1792 1842 1826 1860 1784 1939
0 3059 1327 3060 1284 3167 1286 3166 1329
0 216 384 240 352 325 416 301 447
0 3753 1235 3757 1192 3842 1201 3837 1244
0 3447 1606 3448 1564 3552 1567 3551 1609
0 2638 574 2681 479 2722 498 2679 592
0 1680 633 1719 626 1736 719 1697 726
0 2637 788 2675 786 2680 868 2642 871
0 2692 1600 2696 1560 2798 1569 2795 1609
0 1867 61 1911 -9 1947 12 1903 83
0 592 370 618 335 693 393 666 427
0 454 585 477 548 562 603 538 639
0 3787 1544 3838 1544 3838 1581 3787 1581
0 2278 1356 2295 1319 2382 1361 2364 1398
0 3682 1377 3688 1337 3801 1352 3796 1392
0 3291 1305 3381 1305 3381 1342 3291 1342
0 -6 204 18 171 105 237 81 270
0 2856 1359 2861 1319 2946 1330 2941 1370
0 1346 765 1369 731 1449 786 1425 820
0 1795 881 1834 858 1887 946 1848 970
0 1750 464 1775 371 1818 382 1793 476
0 2450 1330 2467 1293 2550 1333 2533 1370
0 863 582 887 550 981 621 957 653
0 592 757 617 723 701 786 675 820
0 733 371 754 340 839 397 818 429
0 2116 1113 2143 1079 2224 1143 2198 1177
0 309 464 337 431 421 503 393 536
0 2125 1228 2146 1199 2227 1258 2206 1287
2 3297 1542 3298 1500 3395 1502 3394 1544
0 2782 1095 2798 1052 2888 1086 2872 1129
2 3186 1279 3188 1235 3308 1240 3306 1284
2 382 667 492 667 492 747 382 747
0 114 300 136 269 216 327 194 357
2 2556 1451 2565 1406 2676 1430 2667 1475
0 54 352 80 315 167 376 141 412
0 564 662 588 629 662 681 638 715
2 2169 1571 2258 1519 2282 1560 2193 1612
0 685 759 702 732 770 775 753 802
0 3155 1399 3159 1352 3263 1359 3260 1406
1 1753 2154 1807 2038 1857 2061 1803 2177
0 1 260 39 260 39 310 1 310
3 351 770 369 755 401 794 384 809
0 3642 1693 3644 1659 3745 1665 3743 1699
