0 2119 333 2156 237 2197 252 2160 349
0 690 1318 781 1318 781 1357 690 1357
0 1989 315 2025 223 2065 238 2029 331
0 2251 497 2283 408 2327 423 2295 512
0 795 1498 798 1460 881 1467 878 1505
0 640 1296 641 1257 736 1261 734 1300
0 783 1258 876 1258 876 1295 783 1295
0 751 1197 837 1197 837 1235 751 1235
0 1826 835 1860 745 1907 763 1873 853
0 1055 1322 1153 1322 1153 1361 1055 1361
0 2804 1227 2901 1227 2901 1266 2804 1266
0 2679 1469 2765 1469 2765 1512 2679 1512
0 2143 2034 2173 1952 2214 1967 2184 2048
1 1572 1187 1645 1020 1695 1043 1622 1209
0 1057 1261 1155 1261 1155 1302 1057 1302
0 833 1140 926 1140 926 1177 833 1177
0 2243 183 2288 82 2330 101 2285 202
0 1088 1210 1188 1210 1188 1248 1088 1248
0 2160 380 2200 290 2243 310 2203 399
0 832 1391 925 1391 925 1432 832 1432
0 2064 1925 2097 1833 2135 1847 2102 1939
0 833 1315 935 1315 935 1357 833 1357
0 3189 1388 3280 1382 3283 1421 3192 1427
0 490 1195 587 1195 587 1233 490 1233
0 2234 987 2278 968 2315 1056 2271 1075
0 2551 1461 2553 1423 2652 1427 2650 1466
0 239 1305 337 1305 337 1346 239 1346
0 1909 2131 1939 2051 1983 2068 1954 2148
0 1691 1110 1727 1022 1776 1042 1739 1130
0 396 1311 499 1308 500 1351 397 1354
0 900 1202 1005 1202 1005 1241 900 1241
0 984 1392 1074 1392 1074 1429 984 1429
0 1014 1144 1114 1144 1114 1183 1014 1183
0 2871 850 2973 850 2973 891 2871 891
0 930 1265 1006 1265 1006 1295 930 1295
0 2333 1628 2386 1559 2418 1583 2366 1653
0 2827 1020 2939 1020 2939 1061 2827 1061
0 1151 1153 1229 1153 1229 1187 1151 1187
0 538 1315 643 1315 643 1353 538 1353
0 1954 722 1981 641 2020 654 1993 735
0 2140 680 2168 584 2213 597 2185 693
0 2331 129 2369 32 2417 50 2379 148
0 2319 1138 2351 1101 2425 1166 2393 1202
0 2057 889 2099 889 2099 983 2057 983
0 2162 1023 2207 1007 2233 1087 2188 1102
0 2220 1837 2261 1750 2303 1769 2263 1856
0 2328 1268 2346 1227 2432 1264 2413 1306
0 2441 1367 2444 1331 2518 1338 2514 1374
0 1972 1965 2005 1873 2045 1887 2012 1979
0 1821 1007 1861 923 1900 942 1860 1025
0 2209 711 2249 711 2249 794 2209 794
0 1968 537 1995 436 2045 449 2018 550
0 1 1308 70 1308 70 1346 1 1346
0 630 1201 731 1201 731 1238 630 1238
0 1993 2080 2025 1988 2063 2001 2030 2093
0 2232 378 2269 292 2302 306 2264 392
0 2166 1189 2204 1162 2266 1248 2229 1275
0 2678 1297 2778 1297 2778 1334 2678 1334
0 1773 792 1802 724 1836 738 1807 806
0 2119 1920 2156 1829 2198 1846 2161 1937
0 694 1381 794 1381 794 1419 694 1419
0 2075 638 2105 543 2151 557 2122 653
1 1487 1701 1540 1571 1581 1588 1528 1718
2 2054 2111 2095 2003 2140 2020 2099 2128
0 1890 544 1916 478 1947 490 1921 556
3 1969 1858 1979 1819 1995 1824 1985 1863
