0 1900 99 1937 95 1948 186 1910 191
0 1112 1468 1197 1468 1197 1504 1112 1504
0 1070 1302 1141 1302 1141 1338 1070 1338
0 916 1269 917 1232 1013 1234 1012 1270
0 1868 1723 1888 1634 1927 1643 1907 1732
0 1720 1138 1786 1065 1820 1095 1754 1168
0 3347 1186 3431 1186 3431 1226 3347 1226
0 986 1403 1076 1403 1076 1441 986 1441
0 1722 248 1760 241 1776 333 1739 340
0 2962 1549 2971 1509 3067 1532 3057 1571
0 2154 1878 2192 1874 2201 1961 2164 1965
0 2858 1187 2949 1187 2949 1226 2858 1226
0 1572 68 1616 61 1632 153 1588 161
0 1184 1406 1276 1406 1276 1443 1184 1443
0 2173 2016 2214 2013 2220 2104 2179 2107
0 1516 1236 1603 1221 1610 1264 1524 1279
0 3010 1130 3108 1130 3108 1168 3010 1168
0 1829 1477 1857 1392 1911 1410 1884 1495
0 1529 87 1569 84 1577 170 1537 173
0 3658 1249 3750 1247 3751 1284 3659 1286
0 422 1350 520 1350 520 1390 422 1390
0 2113 1976 2149 1973 2157 2066 2121 2069
0 1971 500 2008 490 2030 572 1993 581
1 856 1463 1069 1463 1069 1523 856 1523
0 3473 1187 3567 1187 3567 1227 3473 1227
0 3309 1132 3394 1132 3394 1169 3309 1169
0 1654 226 1691 220 1705 310 1668 316
0 2698 966 2792 963 2793 1000 2699 1003
0 2691 1072 2790 1072 2790 1111 2691 1111
0 3590 1004 3591 968 3690 969 3689 1006
0 150 1234 251 1234 251 1272 150 1272
0 3769 1131 3838 1131 3838 1171 3769 1171
0 2210 1811 2250 1809 2255 1902 2215 1904
0 2523 1047 2524 1011 2611 1012 2610 1049
0 3019 1077 3119 1077 3119 1115 3019 1115
1 3041 1179 3224 1179 3224 1232 3041 1232
0 620 1236 722 1236 722 1276 620 1276
0 823 1443 825 1400 920 1404 918 1448
0 2124 1163 2215 1139 2226 1181 2135 1205
0 3623 1132 3720 1132 3720 1173 3623 1173
0 2240 2098 2278 2095 2283 2157 2245 2160
0 2224 1965 2263 1960 2275 2053 2236 2058
0 3493 1131 3587 1131 3587 1172 3493 1172
0 1551 273 1597 271 1600 367 1554 369
0 1566 404 1610 400 1620 499 1577 503
0 3597 1066 3704 1040 3713 1080 3607 1106
0 2020 1306 2098 1253 2122 1289 2044 1342
0 1608 264 1643 261 1650 334 1616 338
0 1674 376 1714 371 1726 465 1686 470
0 1808 963 1828 871 1872 881 1852 972
0 1217 1301 1312 1301 1312 1339 1217 1339
0 3685 1193 3787 1193 3787 1231 3685 1231
0 2861 1070 2960 1070 2960 1108 2861 1108
0 2539 1073 2636 1073 2636 1110 2539 1110
0 1624 405 1663 403 1668 475 1629 477
0 2537 1120 2641 1120 2641 1163 2537 1163
0 3323 1076 3428 1076 3428 1116 3323 1116
0 2126 2107 2167 2107 2167 2158 2126 2158
0 2553 960 2636 960 2636 995 2553 995
0 1138 1274 1139 1237 1234 1240 1233 1276
0 2834 1016 2918 1016 2918 1054 2834 1054
0 1650 90 1689 87 1696 180 1658 183
0 1266 1474 1360 1474 1360 1511 1266 1511
0 1711 92 1751 89 1757 183 1718 185
0 1521 1 1560 1 1560 50 1521 50
0 2040 1874 2070 1870 2079 1940 2048 1943
0 1749 386 1781 383 1787 452 1756 455
0 2634 831 2731 831 2731 870 2634 870
0 2095 1827 2137 1826 2140 1928 2099 1930
0 1703 1 1741 1 1741 54 1703 54
2 2552 936 2553 883 2736 886 2735 939
2 1242 1355 1342 1353 1343 1390 1243 1392
1 2367 1221 2368 1172 2580 1176 2579 1225
0 2017 662 2054 637 2102 709 2066 734
0 1643 1 1678 1 1678 41 1643 41
0 396 1267 397 1229 495 1232 494 1269
0 3509 941 3511 899 3612 904 3611 945
0 1320 1440 1321 1407 1391 1409 1390 1442
0 3134 1134 3226 1134 3226 1173 3134 1173
